sync_word - "song" - 0001010100000101 0001010001010101 0001010001010100 0001010000010101

packet_length - 17_dec - 0000000100000001

sync_word, packet_length - 0001010100000101 0001010001010101 0001010001010100 0001010000010101 0000000100000001

data - "0123456789:;<=>?" - 0000010100000000 0000010100000001 0000010100000100 0000010100000101 0000010100010000 0000010100010001 0000010100010100 0000010100010101 0000010101000000 0000010101000001 0000010101000100 0000010101000101 0000010101010000 0000010101010001 0000010101010100 0000010101010101

sync_word, packet_length, data - 0001010100000101 0001010001010101 0001010001010100 0001010000010101 0000000100000001 0000010100000000 0000010100000001 0000010100000100 0000010100000101 0000010100010000 0000010100010001 0000010100010100 0000010100010101 0000010101000000 0000010101000001 0000010101000100 0000010101000101 0000010101010000 0000010101010001 0000010101010100 0000010101010101

preamble - 256bit - 00 01 00 01 00 01 00 01 00 01 00 01 00 01 00 01 00 01 00 01 00 01 00 01 00 01 00 01 00 01 00 01 00 01 00 01 00 01 00 01 00 01 00 01 00 01 00 01 00 01 00 01 00 01 00 01 00 01 00 01 00 01 00 01 00 01 00 01 00 01 00 01 00 01 00 01 00 01 00 01 00 01 00 01 00 01 00 01 00 01 00 01 00 01 00 01 00 01 00 01 00 01 00 01 00 01 00 01 00 01 00 01 00 01 00 01 00 01 00 01 00 01 00 01 00 01 00 01 00 01 00 01 00 01 00 01 00 01 00 01 00 01 00 01 00 01 00 01 00 01 00 01 00 01 00 01 00 01 00 01 00 01 00 01 00 01 00 01 00 01 00 01 00 01 00 01 00 01 00 01 00 01 00 01 00 01 00 01 00 01 00 01 00 01 00 01 00 01 00 01 00 01 00 01 00 01 00 01 00 01 00 01 00 01 00 01 00 01 00 01 00 01 00 01 00 01 00 01 00 01 00 01 00 01 00 01 00 01 00 01 00 00 01 00 01 01 00 01 01 01 00 01 00 01 00 00